Degree	Frequency
1	2111280
2	1445603
3	1125733
4	898644
5	720448
6	575251
7	459622
8	367598
9	293186
10	234491
11	189487
12	153476
13	124310
14	102637
15	83830
16	69519
17	58294
18	48933
19	41216
20	34806
21	29623
22	25300
23	21823
24	18910
25	16228
26	14196
27	12104
28	10854
29	9406
30	8571
31	7597
32	6686
33	5964
34	5393
35	4849
36	4495
37	4058
38	3833
39	3597
40	3228
41	3113
42	2905
43	2674
44	2549
45	2523
46	2334
47	2246
48	2140
49	2035
50	1900
51	1803
52	1745
53	1712
54	1664
55	1633
56	1532
57	1480
58	1496
59	1437
60	1422
61	1296
62	1253
63	1251
64	1239
65	1178
66	1224
67	1161
68	1136
69	1135
70	1011
71	1063
72	997
73	1008
74	984
75	930
76	960
77	931
78	909
79	894
80	860
81	892
82	802
83	781
84	790
85	829
86	739
87	760
88	737
89	745
90	715
91	749
92	721
93	751
94	675
95	666
96	637
97	676
98	649
99	632
100	659
101	626
102	623
103	615
104	640
105	593
106	595
107	628
108	589
109	536
110	529
111	587
112	533
113	561
114	577
115	575
116	527
117	521
118	518
119	547
120	538
121	562
122	526
123	501
124	542
125	534
126	514
127	489
128	484
129	452
130	475
131	444
132	511
133	452
134	448
135	458
136	439
137	440
138	442
139	437
140	440
141	447
142	418
143	415
144	461
145	399
146	433
147	430
148	415
149	434
150	435
151	425
152	402
153	365
154	414
155	415
156	419
157	420
158	429
159	410
160	399
161	405
162	356
163	372
164	379
165	396
166	351
167	374
168	397
169	381
170	356
171	354
172	349
173	374
174	396
175	361
176	375
177	394
178	326
179	355
180	340
181	336
182	331
183	358
184	334
185	382
186	361
187	348
188	383
189	327
190	360
191	352
192	358
193	352
194	343
195	334
196	346
197	341
198	346
199	309
200	324
201	359
202	331
203	330
204	298
205	313
206	317
207	319
208	347
209	315
210	304
211	304
212	320
213	286
214	331
215	296
216	303
217	318
218	289
219	278
220	329
221	297
222	325
223	334
224	261
225	301
226	295
227	290
228	279
229	275
230	295
231	262
232	300
233	247
234	271
235	268
236	304
237	291
238	263
239	265
240	260
241	280
242	296
243	264
244	282
245	279
246	270
247	293
248	313
249	283
250	295
251	255
252	288
253	295
254	301
255	265
256	289
257	302
258	291
259	306
260	272
261	288
262	300
263	257
264	300
265	238
266	253
267	259
268	284
269	256
270	257
271	270
272	253
273	279
274	238
275	246
276	246
277	263
278	257
279	217
280	297
281	275
282	241
283	234
284	279
285	215
286	262
287	257
288	243
289	250
290	232
291	219
292	232
293	227
294	195
295	253
296	216
297	235
298	213
299	225
300	237
301	231
302	211
303	205
304	224
305	227
306	210
307	212
308	241
309	205
310	231
311	221
312	212
313	222
314	206
315	192
316	220
317	216
318	225
319	210
320	242
321	186
322	190
323	197
324	202
325	189
326	205
327	199
328	225
329	207
330	189
331	188
332	188
333	222
334	198
335	179
336	172
337	170
338	154
339	175
340	168
341	165
342	160
343	180
344	173
345	169
346	153
347	156
348	164
349	152
350	167
351	183
352	169
353	178
354	186
355	165
356	169
357	137
358	164
359	187
360	189
361	169
362	170
363	186
364	145
365	179
366	156
367	147
368	137
369	133
370	127
371	152
372	123
373	171
374	140
375	128
376	139
377	137
378	146
379	142
380	145
381	112
382	142
383	139
384	151
385	144
386	130
387	134
388	150
389	145
390	136
391	117
392	130
393	134
394	125
395	134
396	135
397	126
398	113
399	140
400	131
401	125
402	107
403	112
404	116
405	126
406	118
407	134
408	110
409	122
410	104
411	114
412	120
413	115
414	97
415	98
416	91
417	101
418	112
419	122
420	94
421	114
422	107
423	113
424	97
425	106
426	87
427	89
428	93
429	100
430	92
431	95
432	71
433	97
434	100
435	80
436	87
437	81
438	98
439	89
440	83
441	79
442	105
443	73
444	60
445	68
446	81
447	73
448	76
449	79
450	82
451	68
452	81
453	87
454	62
455	77
456	73
457	70
458	79
459	82
460	72
461	62
462	72
463	70
464	69
465	69
466	41
467	63
468	73
469	74
470	65
471	68
472	49
473	67
474	61
475	58
476	65
477	64
478	50
479	67
480	75
481	49
482	62
483	63
484	58
485	64
486	56
487	50
488	68
489	48
490	49
491	59
492	41
493	45
494	52
495	50
496	65
497	49
498	57
499	49
500	49
501	45
502	46
503	48
504	46
505	41
506	50
507	42
508	45
509	50
510	42
511	57
512	44
513	60
514	55
515	41
516	42
517	48
518	36
519	40
520	44
521	45
522	41
523	46
524	39
525	42
526	43
527	42
528	42
529	39
530	55
531	46
532	39
533	42
534	43
535	45
536	33
537	35
538	32
539	44
540	26
541	38
542	46
543	41
544	34
545	36
546	42
547	38
548	41
549	31
550	31
551	32
552	32
553	29
554	30
555	25
556	26
557	25
558	28
559	36
560	16
561	32
562	25
563	35
564	30
565	18
566	26
567	24
568	27
569	33
570	25
571	24
572	16
573	31
574	40
575	27
576	21
577	20
578	25
579	22
580	22
581	16
582	25
583	23
584	23
585	24
586	19
587	26
588	19
589	15
590	16
591	20
592	20
593	21
594	25
595	25
596	11
597	14
598	17
599	23
600	25
601	16
602	20
603	20
604	18
605	15
606	22
607	16
608	12
609	12
610	17
611	19
612	16
613	17
614	17
615	11
616	12
617	10
618	13
619	17
620	20
621	11
622	11
623	16
624	16
625	19
626	11
627	16
628	19
629	13
630	17
631	15
632	10
633	14
634	8
635	10
636	12
637	12
638	12
639	9
640	7
641	7
642	14
643	8
644	5
645	19
646	13
647	8
648	8
649	22
650	7
651	9
652	12
653	15
654	11
655	11
656	12
657	7
658	7
659	6
660	5
661	14
662	11
663	12
664	9
665	10
666	11
667	5
668	8
669	6
670	9
671	8
672	9
673	6
674	7
675	14
676	9
677	5
678	5
679	7
680	12
681	4
682	11
683	8
684	11
685	4
686	7
687	7
688	10
689	3
690	7
691	4
692	10
693	12
694	10
695	7
696	9
697	14
698	7
699	5
700	9
701	7
702	10
703	16
704	2
705	8
706	4
707	9
708	4
709	9
710	5
711	4
712	9
713	4
714	10
715	6
716	5
717	7
718	10
719	7
720	7
721	3
722	2
723	4
724	8
725	6
726	6
727	6
728	4
729	5
730	5
731	4
732	9
733	8
734	9
735	2
736	7
737	11
738	4
739	6
740	2
741	4
742	5
743	6
744	5
745	4
746	3
747	4
748	3
749	3
750	3
751	5
752	4
753	6
754	4
755	4
756	6
757	7
758	3
759	3
760	2
761	5
762	1
763	8
764	3
765	2
766	6
767	4
768	4
769	2
770	2
771	3
772	5
773	5
774	9
775	10
776	4
777	1
778	4
779	3
780	4
781	6
782	1
783	3
784	5
785	7
786	1
787	7
788	6
789	5
790	1
791	6
792	5
793	3
794	3
795	4
796	5
797	5
798	4
799	5
800	5
801	6
802	8
803	6
804	2
805	7
806	4
807	6
809	1
810	2
811	3
812	3
813	3
814	1
815	2
816	3
817	2
818	4
819	1
820	4
821	2
822	2
823	5
825	2
826	2
827	2
828	6
829	5
830	1
831	4
832	1
833	3
834	4
835	3
836	7
837	2
838	2
839	1
840	3
841	2
842	4
843	3
844	2
845	3
846	1
847	5
848	1
849	5
850	3
853	2
854	1
855	4
856	1
857	2
858	2
859	3
860	1
861	2
862	2
863	1
864	5
865	4
867	2
868	4
870	1
871	1
873	3
874	3
875	2
876	2
877	3
878	5
880	5
881	1
882	3
883	2
884	1
885	3
886	4
887	4
889	1
891	2
893	5
894	1
895	3
897	2
899	4
901	3
902	1
903	1
905	2
906	1
907	2
908	5
910	3
911	2
912	2
914	4
915	2
916	3
917	1
918	2
920	2
921	4
924	2
925	3
926	2
927	5
928	3
929	2
930	2
931	5
932	4
933	1
935	4
937	3
938	2
939	1
940	1
941	2
943	1
944	2
945	1
946	6
947	1
948	3
949	1
951	2
952	1
953	1
954	3
955	2
956	1
957	1
958	1
959	1
960	4
961	3
962	3
963	2
964	4
965	3
966	3
967	1
968	2
969	2
970	2
971	2
972	3
973	3
974	3
975	1
978	3
979	1
980	3
982	2
983	2
984	1
985	1
987	4
988	1
989	2
990	1
991	1
993	1
994	1
996	3
998	4
1000	2
1001	3
1002	2
1004	1
1005	3
1006	5
1007	2
1009	2
1011	1
1013	1
1016	1
1017	1
1018	6
1019	4
1021	1
1022	1
1023	1
1024	2
1025	1
1026	1
1027	2
1028	1
1029	1
1031	1
1033	2
1034	2
1035	1
1036	2
1040	1
1042	1
1043	1
1046	1
1050	1
1052	1
1053	1
1055	2
1056	1
1060	1
1061	2
1063	1
1064	2
1065	3
1067	1
1068	1
1073	1
1074	2
1075	1
1076	1
1077	1
1081	3
1082	1
1083	1
1084	1
1086	1
1087	1
1088	1
1092	2
1093	1
1094	2
1095	3
1096	1
1097	1
1098	1
1101	1
1102	2
1104	2
1107	1
1108	2
1109	1
1110	2
1111	1
1117	1
1118	1
1121	1
1124	1
1125	1
1126	3
1130	2
1132	1
1134	1
1136	1
1137	1
1138	1
1143	1
1144	2
1145	1
1147	1
1151	1
1152	1
1156	1
1158	1
1159	2
1163	1
1164	1
1165	3
1167	2
1168	1
1169	1
1171	1
1172	1
1173	2
1174	1
1175	1
1180	2
1182	1
1184	1
1187	1
1188	2
1189	2
1191	1
1192	2
1194	2
1195	1
1197	1
1199	1
1201	1
1204	1
1205	1
1207	1
1211	1
1212	1
1215	1
1222	1
1223	2
1224	1
1226	1
1231	1
1232	2
1236	1
1237	2
1238	2
1239	1
1242	1
1249	1
1252	1
1254	1
1255	1
1261	2
1263	1
1265	1
1267	1
1269	1
1271	1
1273	2
1275	1
1277	1
1278	1
1281	1
1285	1
1286	1
1287	1
1290	1
1291	2
1293	1
1294	1
1297	1
1301	1
1306	1
1308	1
1311	1
1316	2
1320	1
1321	1
1322	1
1324	1
1325	2
1328	1
1333	1
1335	1
1338	3
1343	1
1344	1
1345	1
1346	1
1350	1
1356	1
1364	2
1367	1
1370	1
1374	1
1375	2
1376	1
1383	1
1392	1
1394	2
1395	1
1397	1
1401	1
1403	1
1406	1
1408	1
1409	1
1411	1
1420	2
1421	1
1427	1
1431	1
1434	1
1455	1
1477	1
1482	2
1484	2
1487	1
1494	1
1498	1
1550	1
1677	1
